24 0 1
30 0 -0.03764813
86 0 -0.3442396
25 1 1
30 1 -0.02452262
87 1 -0.3737086
26 2 1
30 2 -0.03661304
88 2 -0.8369379
27 3 130
28 3 -2.433767
28 4 1
29 4 -1.614091
29 5 1.614091
30 5 -0.2187321
86 5 -1
87 5 -1
88 5 -1
31 6 -1.138352
42 6 0.03669428
110 6 0.09931636000000001
111 6 0.09931636000000001
112 6 0.09931636000000001
32 7 -0.5
42 7 0.01611729
110 7 0.08724576000000001
33 8 -0.3611918
42 8 0.01164286
111 8 0.1050415
34 9 -0.3218876
42 9 0.01037591
112 9 0.1404166
35 10 -0.4362416
36 10 -0.7680425
37 10 -0.1430279
38 10 -0.1593886
36 11 1
42 11 -0.04856082
110 11 -0.2628684
37 12 1
42 12 -0.03092595
111 12 -0.2790128
38 13 1
42 13 -0.04612359
112 13 -0.6241882
39 14 5.282436
41 14 -0.6123921
40 15 0.2886822
41 15 -0.2163815
41 16 1.328774
42 16 -0.3694686
110 16 -1
111 16 -1
112 16 -1
1 17 48.17647
7 17 -1
10 17 -3.347484e-05
2 18 83.5
8 18 -1
11 18 -4.136539e-05
3 19 171.9412
9 19 -1
12 19 -8.484345000000001e-05
4 20 96.65138
7 20 2.5
10 20 3.347484e-05
5 21 168.2706
8 21 2.5
11 21 4.136539e-05
6 22 347.5872
9 22 2.5
12 22 8.484345000000001e-05
7 23 1
16 23 -0.1106967
26 23 1.605232
8 24 1
16 24 -0.08980852
9 25 1
16 25 -0.1517369
10 26 1.010455
17 26 -0.5
11 27 1.005978
17 27 -0.3
12 28 1.002885
17 28 -0.2
13 29 1
16 29 -0.1811855
14 30 1
16 30 -0.2400239
15 31 1
16 31 -0.2265484
16 32 1
18 32 -1
29 32 1.5
41 32 0.5
17 33 1
19 33 -316220
22 33 -12323.69
23 33 -1
29 33 -35226.8
40 33 18449.02
18 34 5.298339
20 34 0.002452687
19 35 1080.859
20 35 -0.2050215
20 36 0.144192
21 36 63.05986
29 36 -0.1159299
21 37 -18449.02
23 37 0.8453339
39 37 -18449.02
40 37 -15595.58
22 38 1
29 38 0.2020493
41 38 -0.885471
23 39 0.0001000234
29 39 2.448339
41 39 0.816113
67 40 1
73 40 -0.0002278669
98 40 -0.2624395
68 41 1
73 41 -0.0004188763
99 41 -0.3216196
69 42 1
73 42 -0.001576933
100 42 -0.7264761
70 43 300
71 43 -2.851891
71 44 1
72 44 -0.2870159
72 45 0.2870159
73 45 -0.004341322
98 45 -1
99 45 -1
100 45 -1
74 46 -1.138352
85 46 0.04200286
122 46 0.9414806
123 46 0.9414806
124 46 0.9414806
75 47 -0.3218876
85 47 0.011877
122 47 1.331095
76 48 -0.3611918
85 48 0.01332724
123 48 0.9957529000000001
77 49 -0.5
85 49 0.01844898
124 49 0.827056
78 50 -1
79 50 -19.24
80 50 -3.803
81 50 -9.481
79 51 1
85 51 -0.0008875784
122 51 -0.09947391999999999
80 52 1
85 52 -0.001331368
123 52 -0.09947391999999999
81 53 1
85 53 -0.002218946
124 53 -0.09947391999999999
82 54 1.177613
84 54 -3.108963
83 55 0.9919424999999999
84 55 -2.640056
84 56 3.192112
85 56 -0.04461363
122 56 -1
123 56 -1
124 56 -1
44 57 109.8688
50 57 -1
53 57 -3.30811e-05
45 58 191.3846
51 58 -1
54 58 -4.108467e-05
46 59 395.4796
52 59 -1
55 59 -8.456383e-05
47 60 221.7339
50 60 2.5
53 60 3.30811e-05
48 61 387.0092
51 61 2.5
54 61 4.108467e-05
49 62 800.8165
52 62 2.5
55 62 8.456383e-05
50 63 1
59 63 -0.009170229
51 64 1
59 64 -0.0464411
52 65 1
59 65 -0.4899919
53 66 1.00453
60 66 -0.2
54 67 1.002591
60 67 -0.3
55 68 1.00125
60 68 -0.5
56 69 1
59 69 -0.03750053
57 70 1
59 70 -0.124143
58 71 1
59 71 -0.2927532
59 72 1
61 72 -1
72 72 0.1853733
84 72 0.06179109
60 73 1
62 73 -316220
65 73 -16364.19
66 73 -1
72 73 -4696.782
83 73 131.854
61 74 22.12913
63 74 0.9537526
62 75 2494.29
63 75 -1.021587
63 76 0.8878281
64 76 1.040042
72 76 -2.640056
64 77 -131.854
66 77 0.008057470000000001
82 77 -131.854
83 77 -1.062409
65 78 1
72 78 0.1016426
84 78 -0.06179109
66 79 0.007645257
72 79 23.09895
84 79 7.699649
30 80 1
243 80 1
42 81 1
0 82 1
16 82 -3.850231
17 82 -8.459935000000001e-05
30 82 2.01591
34 82 1
42 82 1.596171
242 82 -0.7897512
73 83 1
387 83 0.8817562
85 84 1
43 85 1
59 85 -2.79376
60 85 -8.445823e-05
73 85 2.015665
77 85 1
85 85 1.593994
386 85 -0.961915
384 86 0.002424669
385 86 0.03036278
386 86 0.6730451
387 86 1.45936
95 87 0.01689661
96 87 0.03484803
97 87 -0.06008018
119 87 -0.5552717
120 87 -0.4770398
121 87 -0.1858293
140 87 -1
141 87 -1
142 87 -1
184 87 -55.18857
185 87 -95.67686
186 87 -215.8377
388 87 1
437 87 1
438 87 1
439 87 1
440 87 1
441 87 1
442 87 1
449 87 -0.001890756
450 87 -0.00153114
451 87 -0.001013726
454 87 2.5
455 87 26.0637
457 87 1
458 87 -1.5
460 87 -9.603180999999999
461 87 -9.454185000000001
462 87 -9.437681
463 87 -48.29572
471 87 0.9075922
472 87 -4.375967
473 87 -8.997992
474 87 -8.881957999999999
475 87 1
181 88 1
182 88 1
183 88 1
390 88 1
454 88 -1
455 88 -26.0637
457 88 -1
467 88 1
387 89 -1.45936
466 89 1
478 90 1
202 91 -1
203 91 -1
204 91 -1
208 91 1
209 91 1
210 91 1
381 91 56.9531
384 91 0.7058325
436 91 1
452 91 -0.6491372
453 91 -3.294841e-05
466 91 0.5380748
468 91 1
478 91 0.08247111999999999
202 92 -1
203 92 -1
204 92 -1
208 92 1
209 92 1
210 92 1
382 92 11.58384
385 92 0.7058325
436 92 1
452 92 -1.021542
453 92 -4.099033e-05
466 92 -0.3630248
469 92 1
478 92 0.06952261
202 93 -1
203 93 -1
204 93 -1
208 93 1
209 93 1
210 93 1
383 93 0.3209631
386 93 0.7058325
436 93 1
452 93 -2.049007
453 93 -8.447003e-05
466 93 0.9135362
470 93 1
478 93 0.8397637999999999
240 94 0.5508352
241 94 0.4489223
242 94 0.0002425203
243 94 0.4052833
107 95 -0.06727662
108 95 -0.1570061
109 95 -0.0974757
131 95 -0.2506007
132 95 -0.2802617
133 95 0.1008491
244 95 -1
394 95 1
395 95 1
396 95 1
397 95 1
398 95 1
399 95 1
406 95 -0.002863602
407 95 -0.002316259
408 95 -0.00153089
411 95 2.5
412 95 11.5878
414 95 1
415 95 -1.101224
417 95 -1.364432
418 95 -1.218821
419 95 -1.210859
420 95 -34.62105
428 95 0.6031358999999999
429 95 -0.5996384
430 95 -1.403392
431 95 -1.370386
432 95 1
245 96 1
411 96 -1
412 96 -11.5878
414 96 -1
424 96 1
243 97 -0.4052833
423 97 1
435 98 1
159 99 -0.859384
160 99 -0.773339
161 99 -0.795174
237 99 -1
240 99 1
393 99 1
409 99 -1.623659
410 99 -3.303278e-05
423 99 3.572035
425 99 1
435 99 0.9243532
159 100 -1.171821
160 100 -1.277352
161 100 -1.250508
238 100 -1
241 100 1
393 100 1
409 100 -2.460289
410 100 -4.105081e-05
423 100 -2.178533
426 100 1
435 100 0.6509842
159 101 -2.328047
160 101 -2.416155
161 101 -2.512166
239 101 -1
242 101 1
393 101 1
409 101 -4.75362
410 101 -8.45305e-05
423 101 6.16714
427 101 1
435 101 3.396691
240 102 0.04373657
241 102 0.5739646
242 102 0.158349
243 102 0.1878125
252 102 -0.04434413
253 102 -0.5819377999999999
254 102 -0.1605487
255 102 -1
134 103 -1
135 103 -1
136 103 -1
150 103 -62.6809
151 103 -123.89
152 103 -464.3555
244 103 1
247 103 -0.05164655
248 103 -0.3241762
147 104 1
148 104 1
149 104 1
246 104 1
243 105 -0.1878125
247 105 1
255 105 1
248 106 1
146 107 1
168 107 -1
169 107 -1
170 107 -1
174 107 1
175 107 1
176 107 1
237 107 9.773875
240 107 0.7760502
247 107 7.252831
248 107 0.78041
252 107 -0.7868306
146 108 1
168 108 -1
169 108 -1
170 108 -1
174 108 1
175 108 1
176 108 1
238 108 0.6069821
241 108 0.7760502
247 108 -2.389508
248 108 0.6849398
253 108 -0.7868306
146 109 1
168 109 -1
169 109 -1
170 109 -1
174 109 1
175 109 1
176 109 1
239 109 0.001188564
242 109 0.7760502
247 109 11.55883
248 109 2.202644
254 109 -0.7868306
362 110 -0.1705148
363 110 -0.4342963
364 110 -0.2667421
365 110 -2.609302
384 110 0.1956447
385 110 0.4983016
386 110 0.3060537
387 110 0.422396
214 111 1
215 111 1
216 111 1
217 111 1
218 111 1
219 111 1
226 111 -0.001890756
227 111 -0.00153114
228 111 -0.001013726
231 111 2.5
232 111 16.67241
234 111 1
235 111 -1.5
388 111 -1
391 111 -0.4621213
392 111 -0.1234962
231 112 -1
232 112 -16.67241
234 112 -1
367 112 -1
368 112 -1
389 112 1
365 113 2.609302
387 113 -0.422396
391 113 1
392 114 1
180 115 1
193 115 -0.5869761999999999
194 115 -0.5065155
195 115 -0.5139918
229 115 -1.036685
230 115 -3.294841e-05
362 115 -0.8715531
381 115 -1
384 115 1
391 115 2.63998
392 115 0.5574207
180 116 1
193 116 -0.8001637
194 116 -0.836409
195 116 -0.8081026
229 116 -1.637695
230 116 -4.099033e-05
363 116 -0.8715531
382 116 -1
385 116 1
391 116 -1.773678
392 116 0.4075422
180 117 1
193 117 -1.589389
194 117 -1.581811
195 117 -1.623118
229 117 -3.205686
230 117 -8.447003e-05
364 117 -0.8715531
383 117 -1
386 117 1
391 117 4.467609
392 117 2.247529
92 118 -1
95 118 -1
247 118 -0.4042156
261 118 -0.1818777
283 118 -0.1563455
305 118 -0.1545699
327 118 -0.1521778
349 118 -0.0919058
371 118 -0.007870537
93 119 -1
96 119 -1
247 119 -1.809171
261 119 -3.189655
283 119 -3.349019
305 119 -3.358644
327 119 -3.308585
349 119 -1.96787
371 119 -0.1133356
94 120 -1
97 120 -1
247 120 -2.456602
261 120 -4.101128
283 120 -4.290892
305 120 -4.302603
327 120 -4.254147
349 120 -2.952389
371 120 -1.157365
92 121 -0.008121496000000001
95 121 -0.01689661
247 121 -0.00453876
261 121 -0.00217052
283 121 -0.001874069
305 121 -0.001853318
327 121 -0.001824837
349 121 -0.001106561
371 121 -0.0001054494
93 122 -0.01674999
96 122 -0.03484803
247 122 -0.04189692
261 122 -0.07850668
283 122 -0.08279351
305 122 -0.08305532
327 122 -0.08182638
349 122 -0.04886605
371 122 -0.003131732
94 123 -0.02887803
97 123 -0.06008018
247 123 -0.09808224
261 123 -0.1740281
283 123 -0.1828855
305 123 -0.1834374
327 123 -0.1813914
349 123 -0.1263972
371 123 -0.05513677
104 124 -1
107 124 -1
263 124 -0.7636231999999999
285 124 -0.5413211
307 124 -0.5290753
329 124 -0.528326
351 124 -0.5296534000000001
373 124 -0.5990105999999999
391 124 -0.5746768
105 125 -1
108 125 -1
263 125 -1.467979
285 125 -1.289806
307 125 -1.279992
329 125 -1.279385
351 125 -1.280174
373 125 -1.360143
391 125 -0.714919
106 126 -1
109 126 -1
263 126 -0.004370857
285 126 -0.003954101
307 126 -0.003931803
329 126 -0.003947668
351 126 -0.004749023
373 126 -0.07245538999999999
391 126 -1.602364
104 127 -0.1122933
107 127 -0.06727662
263 127 -0.05460137
285 127 -0.03887722
307 127 -0.03800866
329 127 -0.03795899
351 127 -0.03820886
373 127 -0.04808549
391 127 -0.05817862
105 128 -0.2620633
108 128 -0.1570061
263 128 -0.2449608
285 128 -0.2161806
307 128 -0.2145974
329 128 -0.2145191
351 128 -0.215523
373 128 -0.25481
391 128 -0.1689075
106 129 -0.1626995
109 129 -0.0974757
263 129 -0.0004528176
285 129 -0.0004114529
307 129 -0.0004092503
329 129 -0.0004109467
351 129 -0.0004963737
373 129 -0.008427185
391 129 -0.2350352
116 130 -1
119 130 -1
248 130 -0.06970284
262 130 -0.01924332
284 130 -0.01583793
306 130 -0.01561791
328 130 -0.01558321
350 130 -0.01471856
372 130 -0.005759952
117 131 -1
120 131 -1
248 131 -0.7417136
262 131 -0.8023494
284 131 -0.8065847
306 131 -0.8068286
328 131 -0.8055031
350 131 -0.7492698
372 131 -0.197197
118 132 -1
121 132 -1
248 132 -0.5127598
262 132 -0.5252253
284 132 -0.5261413
306 132 -0.5262245
328 132 -0.5273027
350 132 -0.5723186
372 132 -1.025242
116 133 -0.4657593
119 133 -0.9690031
248 133 -0.04488488
262 133 -0.01317012
284 133 -0.01088739
306 133 -0.01073924
328 133 -0.01071655
350 133 -0.01016303
372 133 -0.004425719
117 134 -0.5744023
120 134 -1.195033
248 134 -0.5890342
262 134 -0.6772174
284 134 -0.6838018
306 134 -0.6842053
328 134 -0.6831561
350 134 -0.6380439999999999
372 134 -0.1868616
118 135 -0.2292285
121 135 -0.4769055
248 135 -0.1625065
262 135 -0.1769142
284 135 -0.1780062
306 135 -0.1780856
328 135 -0.17847
350 135 -0.1944925
372 135 -0.3877026
128 136 -1
131 136 -1
264 136 -0.3427279
286 136 -0.2911376
308 136 -0.2876937
330 136 -0.2874889
352 136 -0.2882318
374 136 -0.3026987
392 136 -0.1750789
129 137 -1
132 137 -1
264 137 -1.062334
286 137 -1.118506
308 137 -1.122253
330 137 -1.122512
352 137 -1.123285
374 137 -1.108234
392 137 -0.3511864
130 138 -1
133 138 -1
264 138 -0.002399982
286 138 -0.00260173
308 138 -0.002615627
330 138 -0.002628033
352 138 -0.003161735
374 138 -0.04479381
392 138 -0.5972309
128 139 -2.018253
131 139 -1.209166
264 139 -0.4404489
286 139 -0.3758029
308 139 -0.3714643
330 139 -0.3712405
352 139 -0.3737109
374 139 -0.4367288
392 139 -0.3185628
129 140 -2.562688
132 140 -1.535345
264 140 -1.733513
286 140 -1.833245
308 140 -1.839915
330 140 -1.840541
352 140 -1.849286
374 140 -2.030266
392 140 -0.8113705
130 141 -0.9255428999999999
133 141 -0.5545067
264 141 -0.001414409
286 141 -0.001540086
308 141 -0.001548758
330 141 -0.001556274
352 141 -0.001879925
374 141 -0.0296374
392 141 -0.4983387
134 142 -1.433892
140 142 -2.157704
265 142 -1.523971
287 142 -1.530708
309 142 -1.531148
331 142 -1.531316
353 142 -1.537533
375 142 -1.710928
135 143 -0.943206
141 143 -1.419326
266 143 -1.00246
288 143 -1.006891
310 143 -1.007181
332 143 -1.007291
354 143 -1.011381
376 143 -1.125439
136 144 -0.5964526999999999
142 144 -0.8975353
267 144 -0.6339227
289 144 -0.6367252
311 144 -0.6369083
333 144 -0.6369781
355 144 -0.6395642
377 144 -0.7116909
134 145 -1
140 145 -1
265 145 -1
287 145 -1
309 145 -1
331 145 -1
353 145 -1
375 145 -1
135 146 -1
141 146 -1
266 146 -1
288 146 -1
310 146 -1
332 146 -1
354 146 -1
376 146 -1
136 147 -1
142 147 -1
267 147 -1
289 147 -1
311 147 -1
333 147 -1
355 147 -1
377 147 -1
137 148 -1
147 148 1
237 148 0.5508352
138 149 -1
148 149 1.647495
238 149 0.7395973
139 150 -1
149 150 841.3516
239 150 0.2040448
143 151 -1
181 151 1
381 151 0.1956447
144 152 -1
182 152 1
382 152 0.4983016
145 153 -1
183 153 3.115622
383 153 0.9535477999999999
394 154 66.22492
400 154 -1
403 154 -3.328257e-05
395 155 115.0623
401 155 -1
404 155 -4.122831e-05
396 156 237.3387
402 156 -1
405 156 -8.470689999999999e-05
397 157 133.245
400 157 2.5
403 157 3.328257e-05
398 158 232.2639
401 158 2.5
404 158 4.122831e-05
399 159 480.1821
402 159 2.5
405 159 8.470689999999999e-05
159 160 -0.473379
400 160 1
409 160 -0.2116876
160 161 -0.5734317
401 161 1
409 161 -0.3166715
161 162 -0.0006092511
402 162 1
409 162 -3.511874e-07
162 163 -4575.004
403 163 1.007562
410 163 -0.5508352
163 164 -3681.416
404 164 1.004324
410 164 -0.4489223
164 165 -1787.818
405 165 1.002087
410 165 -0.0002425203
159 166 -0.5260564
160 166 -0.4259823
406 166 1
409 166 -0.4704884
159 167 -0.0005645987000000001
161 167 -0.4380098
407 167 1
409 167 -0.0005049593
160 168 -0.0005859667
161 168 -0.5613809
408 168 1
409 168 -0.0006471876
162 169 -1
163 169 -1
164 169 -1
409 169 1
411 169 -1
422 169 0.06144421
434 169 0.0204814
156 170 -1
162 170 4124.06
163 170 4124.06
164 170 4124.06
410 170 1
412 170 -316220
415 170 -20034.24
416 170 -1
422 170 -2625.657
433 170 222.129
411 171 18.73727
413 171 0.9448816
412 172 1494.367
413 172 -1.02078
157 173 -0.9918601
162 173 -17.92234
163 173 -17.92234
164 173 -17.92234
413 173 0.862829
414 173 1.049719
422 173 -0.7341495
156 174 0.00813986
414 174 -222.129
416 174 0.00813986
432 174 -222.129
433 174 -1.808099
162 175 -1.091328
163 175 -1.629397
164 175 -1.444853
415 175 1
422 175 0.04736406
434 175 -0.02789814
416 176 0.004538534
422 176 7.57924
434 176 2.526413
147 177 -1
177 177 -1
148 178 -1
178 178 -1
149 179 -1
179 179 -1
147 180 1.026646
165 180 -1
148 181 1.073724
166 181 -1
149 182 1.208147
167 182 -1
147 183 -1
153 183 -1
148 184 -1
154 184 -1
149 185 -1
155 185 -1
214 186 99.14973000000001
220 186 -1
223 186 -3.311398e-05
215 187 172.6396
221 187 -1
224 187 -4.110812e-05
216 188 356.6398
222 188 -1
225 188 -8.458717999999999e-05
217 189 200.0008
220 189 2.5
223 189 3.311398e-05
218 190 349.0033
221 190 2.5
224 190 4.110812e-05
219 191 722.0678
222 191 2.5
225 191 8.458717999999999e-05
193 192 -0.1148388
220 192 1
229 192 -0.01164592
194 193 -0.4167839
221 193 1
229 193 -0.1700616
195 194 -0.4967614
222 194 1
229 194 -0.2436893
196 195 -5276.862
223 195 1.005025
230 195 -0.1956447
197 196 -4241.591
224 196 1.002874
230 196 -0.4983016
198 197 -2058.294
225 197 1.001387
230 197 -0.3060537
193 198 -0.3987228
194 198 -0.09909709
226 198 1
229 198 -0.08086976
193 199 -0.4864384
195 199 -0.1005598
227 199 1
229 199 -0.09866041
194 200 -0.484119
195 200 -0.4026788
228 200 1
229 200 -0.395073
196 201 -1
197 201 -1
198 201 -1
229 201 1
231 201 -1
190 202 -1
196 202 3297.623
197 202 3297.623
198 202 3297.623
230 202 1
232 202 -316220
235 202 -18966.66
236 202 -1
231 203 22.66987
233 203 0.9548602
232 204 2248.706
233 204 -1.020655
191 205 -0.9922951
196 205 -21.89857
197 205 -21.89857
198 205 -21.89857
233 205 0.8900096
234 205 1.039205
190 206 0.007704897
234 206 -146.1362
236 206 0.007704897
196 207 -0.6589052
197 207 -1.106497
198 207 -1.000909
235 207 1
236 208 0.006895657
181 209 -1
211 209 -1
182 210 -1
212 210 -1
183 211 -1
213 211 -1
181 212 1
199 212 -1
182 213 1.022676
200 213 -1
183 214 1.091418
201 214 -1
181 215 -1
187 215 -1
182 216 -1
188 216 -1
183 217 -1
189 217 -1
240 218 -0.1996961
241 218 -0.7859616
242 218 -0.0006412823
243 218 0.4069041
252 218 0.2024702
253 218 0.7968796
254 218 0.0006501906
255 218 -2.166544
256 219 -1
263 219 -0.300015
264 219 -0.4074615
245 220 -1
246 220 -1
257 220 1
243 221 0.4069041
255 221 -2.166544
263 221 1
264 222 1
240 223 -0.9862989
249 223 -1
252 223 1
260 223 1
263 223 3.501858
264 223 1.241884
241 224 -0.9862989
250 224 -1
253 224 1
260 224 1
263 224 -2.149559
264 224 0.9360239
242 225 -0.9862989
251 225 -1
254 225 1
260 225 1
263 225 6.025986
264 225 4.086838
252 226 0.0119553
253 226 0.6147503
254 226 0.1605955
255 226 0.599181
274 226 -0.01194968
275 226 -0.6144612
276 226 -0.16052
277 226 -1
256 227 1
261 227 -0.09335085999999999
262 227 -0.3468181
265 227 -1
266 227 -1
267 227 -1
258 228 1
255 229 -0.599181
261 229 1
277 229 1
262 230 1
249 231 13.33342
252 231 0.7873011
259 231 1
261 231 12.12026
262 231 0.7702509
274 231 -0.7869309
250 232 1.020551
253 232 0.7873011
259 232 1
261 232 -3.984399
262 232 0.681342
275 232 -0.7869309
251 233 0.003187485
254 233 0.7873011
259 233 1
261 233 19.25216
262 233 2.236907
276 233 -0.7869309
252 234 -0.1700813
253 234 -0.8296922
254 234 -0.0006970141
255 234 2.567363
274 234 0.1700014
275 234 0.829302
276 234 0.0006966863
277 234 -4.284787
278 235 -1
285 235 -0.2554693
286 235 -0.4122457
257 236 -1
258 236 -1
279 236 1
255 237 2.567363
277 237 -4.284787
285 237 1
286 238 1
252 239 -1.000471
271 239 -1
274 239 1
282 239 1
285 239 2.955529
286 239 1.254414
253 240 -1.000471
272 240 -1
275 240 1
282 240 1
285 240 -1.815969
286 240 0.9452119
254 241 -1.000471
273 241 -1
276 241 1
282 241 1
285 241 5.084997
286 241 4.136479
249 242 0.2024702
268 242 -1
250 243 0.7968796
269 243 -1
251 244 0.2039823
270 244 -1
274 245 0.009818080999999999
275 245 0.6166417
277 245 0.9557944
296 245 -0.009817569
297 245 -0.6166096
298 245 -0.1605148
299 245 -1
278 246 1
283 246 -0.0982179
284 246 -0.3485639
287 246 -1
288 246 -1
289 246 -1
280 247 1
277 248 -0.9557944
283 248 1
299 248 1
284 249 1
271 250 13.62671
274 250 0.786983
281 250 1
283 250 12.68233
284 250 0.7694287
296 250 -0.786942
272 251 1.058389
275 251 0.786983
281 251 1
283 251 -4.168489
284 251 0.6810285
297 251 -0.786942
273 252 0.003415583
276 252 0.786983
281 252 1
283 252 20.13996
284 252 2.239415
298 252 -0.786942
274 253 -0.1678698
275 253 -0.8314825
276 253 -0.0006999047
277 253 4.328993
296 253 0.167861
297 253 0.8314391
298 253 0.0006998682
299 253 -4.529209
300 254 -1
307 254 -0.2530153
308 254 -0.4125625
279 255 -1
280 255 -1
301 255 1
277 256 4.328993
299 256 -4.529209
307 256 1
308 257 1
274 258 -1.000052
293 258 -1
296 258 1
304 258 1
307 258 2.925436
308 258 1.255249
275 259 -1.000052
294 259 -1
297 259 1
304 259 1
307 259 -1.797593
308 259 0.9458243
276 260 -1.000052
295 260 -1
298 260 1
304 260 1
307 260 5.033166
308 260 4.139783
271 261 0.1700014
290 261 -1
272 262 0.829302
291 262 -1
273 263 0.2039729
292 263 -1
296 264 0.00967985
297 264 0.6167109
298 264 0.1605181
299 264 0.9972984
318 264 -0.00968017
319 264 -0.6167313
320 264 -0.1605234
321 264 -1
300 265 1
305 265 -0.09852872
306 265 -0.348671
309 265 -1
310 265 -1
311 265 -1
302 266 1
299 267 -0.9972984
305 267 1
321 267 1
306 268 1
293 269 13.64601
296 269 0.7869089
303 269 1
305 269 12.71619
306 269 0.7693586
318 269 -0.7869349
294 270 1.060897
297 270 0.7869089
303 270 1
305 270 -4.179575
306 270 0.6809936
319 270 -0.7869349
295 271 0.003430968
298 271 0.7869089
303 271 1
305 271 20.19341
306 271 2.239532
320 271 -0.7869349
296 272 -0.1677233
297 272 -0.8315405
298 272 -0.0007031113
299 272 4.531911
318 272 0.1677288
319 272 0.831568
320 272 0.0007031346
321 272 -4.544188
322 273 -1
329 273 -0.2528891
330 273 -0.412629
301 274 -1
302 274 -1
323 274 1
299 275 4.531911
321 275 -4.544188
329 275 1
330 276 1
296 277 -0.9999669
315 277 -1
318 277 1
326 277 1
329 277 2.92357
330 277 1.255294
297 278 -0.9999669
316 278 -1
319 278 1
326 278 1
329 278 -1.79649
330 278 0.9458516
298 279 -0.9999669
317 279 -1
320 279 1
326 279 1
329 279 5.029935
330 279 4.14014
293 280 0.167861
312 280 -1
294 281 0.8314391
313 281 -1
295 282 0.2039856
314 282 -1
318 283 0.009647350000000001
319 283 0.6149968
320 283 0.1606638
321 283 1.012275
340 283 -0.009663071000000001
341 283 -0.615999
342 283 -0.1609257
343 283 -1
322 284 1
327 284 -0.09774015
328 284 -0.348389
331 284 -1
332 284 -1
333 284 -1
324 285 1
321 286 -1.012275
327 286 1
343 286 1
328 287 1
315 288 13.65337
318 288 0.785308
325 288 1
327 288 12.53604
328 288 0.7686138
340 288 -0.7865877
316 289 1.061854
319 289 0.785308
325 289 1
327 289 -4.120345
328 289 0.6803446
341 289 -0.7865877
317 290 0.003436848
320 290 0.785308
325 290 1
327 290 19.9072
328 290 2.237486
342 290 -0.7865877
318 291 -0.167696
319 291 -0.8298335
320 291 -0.0008435821
321 291 4.531913
340 291 0.1679693
341 291 0.8311858
342 291 0.0008449567
343 291 -4.476957
344 292 -1
351 292 -0.2542282
352 292 -0.4146785
323 293 -1
324 293 -1
345 293 1
321 294 4.531912
343 294 -4.476957
351 294 1
352 295 1
318 296 -0.9983731
337 296 -1
340 296 1
348 296 1
351 296 2.9258
352 296 1.254871
319 297 -0.9983731
338 297 -1
341 297 1
348 297 1
351 297 -1.799474
352 297 0.9452959
320 298 -0.9983731
339 298 -1
342 298 1
348 298 1
351 298 5.032978
352 298 4.146532
315 299 0.1677288
334 299 -1
316 300 0.831568
335 300 -1
317 301 0.204587
336 301 -1
340 302 0.008958003000000001
341 302 0.5623915
342 302 0.1714316
343 302 1.534987
362 302 -0.009368401
363 302 -0.5881567
364 302 -0.1792855
365 302 -1
344 303 1
349 303 -0.07642457
350 303 -0.336307
353 303 -1
354 303 -1
355 303 -1
346 304 1
343 305 -1.534987
349 305 1
365 305 1
350 306 1
337 307 13.9277
340 307 0.7427812
347 307 1
349 307 7.712414
350 307 0.7375405
362 307 -0.7768106
338 308 1.097792
341 308 0.7427812
347 308 1
349 308 -2.534534
350 308 0.653208
363 308 -0.7768106
339 309 0.00366104
342 309 0.7427812
347 309 1
349 309 12.24449
350 309 2.151386
364 309 -0.7768106
340 310 -0.1672642
341 310 -0.7775782999999999
342 310 -0.01135093
343 310 3.941971
362 310 0.1749272
363 310 0.8132019
364 310 0.01187095
365 310 -2.568082
366 311 -1
373 311 -0.3113227
374 311 -0.4557268
345 312 -1
346 312 -1
367 312 1
343 313 3.941971
365 313 -2.568082
373 313 1
374 314 1
340 315 -0.9561935
359 315 -1
362 315 1
370 315 1
373 315 3.149454
374 315 1.212998
341 316 -0.9561935
360 316 -1
363 316 1
370 316 1
373 316 -1.985919
374 316 0.9070684
342 317 -0.9561935
361 317 -1
364 317 1
370 317 1
373 317 5.393687
374 317 4.227463
337 318 0.1679693
356 318 -1
338 319 0.8311858
357 319 -1
339 320 0.2307969
358 320 -1
362 321 0.004956003
363 321 0.2092511
364 321 0.4341566
365 321 6.177384
384 321 -0.005686404
385 321 -0.2400899
386 321 -0.4981413
387 321 -1
366 322 1
371 322 -0.05189959
372 322 -0.2281993
375 322 -1
376 322 -1
377 322 -1
368 323 1
365 324 -6.177384
371 324 1
387 324 1
372 325 1
359 326 22.88466
362 326 0.6483637
369 326 1
371 326 1.04345
372 326 0.4217586
384 326 -0.7439176
360 327 2.519703
363 327 0.6483637
369 327 1
371 327 -0.3414664
372 327 0.3798898
385 327 -0.7439176
361 328 0.01772792
364 328 0.6483637
369 328 1
371 328 1.646052
372 328 1.305476
386 328 -0.7439176
359 329 0.1749272
378 329 -1
360 330 0.8132019
379 330 -1
361 331 0.669619
380 331 -1
86 332 6.318058
92 332 1.008121
87 333 2.101652
93 333 0.98325
88 334 10.21634
94 334 0.971122
89 335 4.771533
95 335 1.016897
90 336 1.544553
96 336 0.965152
91 337 7.403258
97 337 0.9399198
98 338 276.7648
104 338 0.8877067
99 339 192.1904
105 339 1.262063
100 340 465.2974
106 340 0.8373005
101 341 402.6353
107 341 0.9327234
102 342 243.9516
108 342 1.157006
103 343 694.4257
109 343 0.9025242999999999
110 344 2.147169
116 344 0.7331041
111 345 1.830354
117 345 0.7707069
112 346 5.419496
118 346 0.9106797
113 347 1.59346
119 347 0.4447283
114 348 1.519359
120 348 0.5229601
115 349 5.927271
121 349 0.8141707
122 350 8.601323000000001
128 350 0.5817151
123 351 6.197485
129 351 0.5322072
124 352 37.67033
130 352 1.16833
125 353 10.95535
131 353 0.7493993
126 354 8.286427
132 354 0.7197383000000001
127 355 35.09293
133 355 1.100849
134 356 0.4338919
137 356 2.279713
135 357 0.1137572
138 357 0.6069821
136 358 0.4035473
139 358 0.008004989000000001
140 359 1.157704
143 359 4.042228
141 360 0.4193259
144 360 2.449611
142 361 0.1024647
145 361 0.3647518
150 362 172.5745
153 362 14.91761
151 363 161.5845
154 363 12.0938
152 364 145.3145
155 364 5.740096
156 365 0.004501889
157 365 0.9526359
158 365 -1
157 366 0.9448816
162 366 19.88206
163 366 15.9987
164 366 7.769499
158 367 1.00814
162 367 98.82898
163 367 147.5558
164 367 130.8437
159 368 1
162 368 1.801198
160 369 1
163 369 2.196221
161 370 1
164 370 2.060738
162 371 19.88206
165 371 0.9740453
163 372 15.9987
166 372 0.9313378
164 373 7.769499
167 373 0.8277139999999999
168 374 -1
171 374 -1
174 374 0.05635791
175 374 0.05635791
176 374 0.05635791
169 375 -1
172 375 -1
174 375 0.7395973
175 375 0.7395973
176 375 0.7395973
170 376 -1
173 376 -1
174 376 0.2040448
175 376 0.2040448
176 376 0.2040448
171 377 1
174 377 -1
172 378 1
175 378 -1
173 379 1
176 379 -1
174 380 1
177 380 1
175 381 1
178 381 1
176 382 1
179 382 1
101 383 -19.45389
417 383 1
423 383 -0.09530421
102 384 -22.09031
418 384 1
423 384 -0.08819762
103 385 -49.56359
419 385 1
423 385 -0.0001069042
420 386 179.7345
421 386 -2.59574
421 387 1
422 387 -0.09621652
101 388 -1
102 388 -1
103 388 -1
422 388 0.09621652
423 388 -0.008893728
125 389 0.9308279
126 389 0.9308279
127 389 0.9308279
424 389 -1.138352
435 389 0.09534178
125 390 0.8176979
425 390 -0.5508352
435 390 0.04613478
126 391 0.8176979
426 391 -0.4489223
435 391 0.03759915
127 392 6.806865
427 392 -0.002018842
435 392 0.0001690866
428 393 -0.6031358999999999
429 393 -1.191426
430 393 -0.2090101
431 393 -0.2323664
125 394 -1.588199
429 394 1
435 394 -0.08960673
126 395 -1.789478
430 395 1
435 395 -0.08228325
127 396 -4.012804
431 396 1
435 396 -9.968042e-05
432 397 1.186874
434 397 -0.8713432
433 398 0.9918601
434 398 -0.7341495
125 399 -1
126 399 -1
127 399 -1
434 399 0.8978249
435 399 -0.1024269
184 400 263.3025
187 400 16.71023
185 401 252.3125
188 401 15.09138
186 402 236.0425
189 402 11.44029
190 403 0.006842933
191 403 0.9622744
192 403 -1
191 404 0.9548602
196 404 35.04212
197 404 28.16719
198 404 13.66854
192 405 1.007705
196 405 85.84676
197 405 144.1621
198 405 130.4054
193 406 1
196 406 1.658905
194 407 1
197 407 2.106497
195 408 1
198 408 2.000909
196 409 35.04212
199 409 1
197 410 28.16719
200 410 0.9778269000000001
198 411 13.66854
201 411 0.9162394
202 412 -1
205 412 -1
208 412 0.00343519
209 412 0.00343519
210 412 0.00343519
203 413 -1
206 413 -1
208 413 0.04301697
209 413 0.04301697
210 413 0.04301697
204 414 -1
207 414 -1
208 414 0.9535477999999999
209 414 0.9535477999999999
210 414 0.9535477999999999
205 415 1
208 415 -1
206 416 1
209 416 -1
207 417 1
210 417 -1
208 418 1
211 418 1
209 419 1
212 419 1
210 420 1
213 420 1
89 421 -0.04761313
460 421 1
466 421 -2.33347e-05
90 422 -0.05746435
461 422 1
466 422 -0.0003526656
91 423 -0.1295604
462 423 1
466 423 -0.01762542
463 424 270.4625
464 424 -2.800067
464 425 1
465 425 -1.685693
89 426 -1
90 426 -1
91 426 -1
465 426 1.685693
466 426 -0.1426674
113 427 0.1214974
114 427 0.1214974
115 427 0.1214974
467 427 -1.138352
478 427 0.02123052
113 428 0.6055575
468 428 -0.01949018
478 428 0.0003634963
114 429 0.3357927
469 429 -0.1353383
478 429 0.00252409
115 430 0.1067309
470 430 -0.9535477999999999
478 430 0.01778388
471 431 -0.9075922
472 431 -5.711822
473 431 -0.9356841
474 431 -1.034655
113 432 -0.04324093
472 432 1
478 432 -2.595611e-05
114 433 -0.05217491
473 433 1
478 433 -0.000392189
115 434 -0.1176314
474 434 1
478 434 -0.01960016
475 435 5.314078
477 435 -1.002184
476 436 0.3448372
477 436 -0.2647862
113 437 -1
114 437 -1
115 437 -1
477 437 1.766971
478 437 -0.1747406
437 438 99.14973000000001
443 438 -1
446 438 -3.311398e-05
438 439 172.6396
444 439 -1
447 439 -4.110812e-05
439 440 356.6398
445 440 -1
448 440 -8.458717999999999e-05
440 441 200.0008
443 441 2.5
446 441 3.311398e-05
441 442 349.0033
444 442 2.5
447 442 4.110812e-05
442 443 722.0678
445 443 2.5
448 443 8.458717999999999e-05
443 444 1
452 444 -1.448565e-06
444 445 1
452 445 -0.0005113292
445 446 1
452 446 -0.9543887
446 447 1.005025
453 447 -0.00343519
447 448 1.002874
453 448 -0.04301697
448 449 1.001387
453 449 -0.9535477999999999
449 450 1
452 450 -4.94556e-05
450 451 1
452 451 -0.002177557
451 452 1
452 452 -0.04287153
452 453 1
454 453 -1
465 453 1.5
477 453 0.5
453 454 1
455 454 -316220
458 454 -12132.58
459 454 -1
465 454 -20451.81
476 454 9152.751
454 455 9.146357
456 455 0.003773492
455 456 2248.706
456 456 -0.1250533
456 457 0.06758838
457 457 65.08712
465 457 -0.1885904
457 458 -9152.751
459 458 0.7543943
475 458 -9152.751
476 458 -6904.783
458 459 1
465 459 0.1856929
477 459 -0.5
459 460 0.0001916794
465 460 2.668452
477 460 0.8894840000000001
265 461 0.523971
268 461 2.590273
266 462 0.1209036
269 462 1
267 463 0.3660773
270 463 0.01832333
287 464 0.5307083
290 464 2.612032
288 465 0.1214381
291 465 1
289 466 0.3632748
292 466 0.01939848
309 467 0.5311485
312 467 2.613447
310 468 0.1214731
313 468 1
311 469 0.3630917
314 469 0.01947045
331 470 0.5313162
334 470 2.613986
332 471 0.1214864
335 471 1
333 472 0.3630219
336 472 0.01949793
353 473 0.5375334000000001
356 473 2.63388
354 474 0.1219796
357 474 1
355 475 0.3604358
358 475 0.02053846
375 476 0.7109283
378 476 3.130467
376 477 0.1357358
379 477 1
377 478 0.2883091
380 478 0.07148988000000001
