81
84
90
98
106
114
208
222
228
230
238
247
249
257
266
268
276
285
287
295
304
306
314
323
325
243
462
219
224
341
342
343
385
384
383
356
362
183
180
177
148
357
363
184
181
178
149
377
378
375
374
376
379
381
380
358
364
185
182
179
150
171
172
390
394
391
395
138
141
392
396
355
57
60
58
61
59
62
68
67
66
63
64
65
69
70
71
74
75
43
44
76
54
78
79
77
55
72
73
47
350
136
139
48
351
137
140
50
49
53
52
46
51
56
352
354
393
353
389
365
386
387
397
398
176
174
399
154
157
368
156
159
370
165
155
158
369
161
162
168
164
160
163
167
166
169
170
173
366
367
175
373
371
382
372
95
388
99
100
359
400
215
212
209
151
360
401
216
213
210
152
415
416
413
412
414
417
419
418
361
402
217
214
211
153
236
255
274
293
312
220
203
204
206
403
112
186
189
406
188
191
408
197
187
190
407
193
194
200
196
192
195
199
207
198
201
202
205
404
405
411
409
420
410
334
332
333
1
0
80
455
456
424
425
435
436
459
460
458
457
438
441
439
442
440
443
449
448
447
444
445
446
450
451
452
453
454
17
20
18
21
19
22
28
27
26
34
35
3
4
36
14
38
39
37
15
33
24
25
32
29
30
31
23
7
344
130
133
8
345
131
134
10
9
13
12
6
11
16
132
135
430
434
349
429
433
428
432
431
346
348
347
427
437
335
336
337
423
422
421
426
5
2
82
105
87
88
244
463
261
464
263
466
235
241
242
461
231
239
233
281
468
254
256
262
465
251
248
259
282
469
299
470
301
472
273
279
280
467
269
277
271
319
474
292
294
300
471
289
286
297
330
477
338
339
340
42
41
40
83
113
86
324
327
320
475
329
476
331
478
311
317
318
473
307
315
309
110
321
322
326
328
302
305
308
310
313
316
303
283
288
290
291
296
298
284
264
267
270
272
275
278
265
245
250
252
253
258
260
246
91
92
93
111
115
116
117
118
119
120
121
122
123
229
237
89
102
107
109
142
143
144
145
147
218
225
226
234
146
94
96
97
103
104
108
221
101
85
124
125
126
127
128
129
223
227
232
240
45
